0,3,1,0.167972
0,5,1,0.038290
0,14,1,0.080250
0,17,1,0.113362
0,20,1,0.146930
0,24,1,0.201492
0,27,1,0.128450
0,28,1,0.080508
0,36,1,0.178252
0,58,1,0.191802
0,60,1,0.201360
0,64,1,0.197783
0,73,1,0.209608
0,78,1,0.096287
0,82,1,0.188685
0,88,1,0.028256
0,99,1,0.077076
0,107,1,0.207583
0,109,1,0.124988
0,116,1,0.062373
0,117,1,0.070417
0,118,1,0.064851
0,119,1,0.201612
0,125,1,0.203604
0,127,1,0.202180
0,130,1,0.127864
0,141,1,0.157196
0,147,1,0.168989
1,4,1,0.175912
1,12,1,0.168565
1,19,1,0.206093
1,23,1,0.120476
1,32,1,0.088929
1,35,1,0.102641
1,51,1,0.116914
1,83,1,0.171618
1,87,1,0.168500
1,96,1,0.206031
1,111,1,0.127906
1,113,1,0.132222
1,120,1,0.196412
1,124,1,0.064941
2,16,1,0.122813
2,25,1,0.038032
2,42,1,0.165372
2,44,1,0.135001
2,49,1,0.159111
2,55,1,0.105743
2,59,1,0.111952
2,63,1,0.155357
2,75,1,0.073925
2,86,1,0.119168
2,98,1,0.190628
2,104,1,0.159788
2,114,1,0.204966
2,143,1,0.204670
3,0,1,0.167972
3,5,1,0.149763
3,6,1,0.107372
3,14,1,0.132679
3,17,1,0.059050
3,28,1,0.197676
3,39,1,0.176233
3,40,1,0.208385
3,54,1,0.166473
3,56,1,0.078688
3,70,1,0.205626
3,78,1,0.165392
3,85,1,0.171572
3,88,1,0.193364
3,93,1,0.195019
3,100,1,0.144427
3,109,1,0.122989
3,116,1,0.132332
3,117,1,0.125578
3,118,1,0.167426
3,125,1,0.169405
3,129,1,0.090708
3,136,1,0.142534
3,141,1,0.078649
3,149,1,0.185019
4,1,1,0.175912
4,23,1,0.114525
4,32,1,0.204642
4,34,1,0.179117
4,35,1,0.129658
4,37,1,0.098921
4,46,1,0.108829
4,51,1,0.098487
4,69,1,0.120079
4,72,1,0.185047
4,83,1,0.173173
4,87,1,0.009502
4,111,1,0.053496
4,113,1,0.186209
4,120,1,0.183291
4,124,1,0.127416
4,137,1,0.146376
5,0,1,0.038290
5,3,1,0.149763
5,14,1,0.098218
5,17,1,0.103205
5,20,1,0.149313
5,24,1,0.206306
5,27,1,0.131238
5,28,1,0.116342
5,53,1,0.194099
5,58,1,0.169041
5,64,1,0.194969
5,73,1,0.203907
5,78,1,0.123365
5,88,1,0.050003
5,99,1,0.113706
5,109,1,0.138446
5,116,1,0.025497
5,117,1,0.084882
5,118,1,0.033015
5,125,1,0.165359
5,129,1,0.200606
5,130,1,0.156431
5,141,1,0.157474
5,147,1,0.207168
6,3,1,0.107372
6,17,1,0.163081
6,40,1,0.112938
6,47,1,0.204896
6,53,1,0.209909
6,56,1,0.099062
6,70,1,0.183392
6,85,1,0.109792
6,89,1,0.158477
6,93,1,0.105796
6,100,1,0.051619
6,116,1,0.205901
6,125,1,0.155015
6,129,1,0.030611
6,136,1,0.080536
6,139,1,0.202950
6,140,1,0.113327
6,141,1,0.181266
6,149,1,0.202919
7,13,1,0.185957
7,26,1,0.138623
7,28,1,0.209358
7,33,1,0.209087
7,36,1,0.095265
7,60,1,0.111963
7,77,1,0.132870
7,82,1,0.154632
7,97,1,0.146315
7,99,1,0.172828
7,107,1,0.194409
7,119,1,0.115124
7,121,1,0.172840
7,127,1,0.206760
7,130,1,0.136730
7,131,1,0.106318
7,133,1,0.092588
7,134,1,0.111285
7,146,1,0.103144
7,147,1,0.112256
8,21,1,0.046403
8,40,1,0.180351
8,47,1,0.179403
8,57,1,0.075087
8,61,1,0.188094
8,65,1,0.181123
8,67,1,0.149935
8,74,1,0.120984
8,89,1,0.151336
8,91,1,0.139399
8,93,1,0.189918
8,101,1,0.096119
8,105,1,0.128327
8,115,1,0.044695
8,122,1,0.179749
8,123,1,0.190559
8,135,1,0.181131
8,140,1,0.182125
8,144,1,0.179100
8,145,1,0.064337
9,21,1,0.194632
9,61,1,0.187163
9,65,1,0.108254
9,91,1,0.172891
9,105,1,0.164525
9,112,1,0.169772
9,128,1,0.146173
9,145,1,0.174029
10,20,1,0.118775
10,24,1,0.116888
10,27,1,0.129859
10,48,1,0.097078
10,53,1,0.203438
10,58,1,0.068221
10,64,1,0.078044
10,73,1,0.060514
10,76,1,0.114665
10,92,1,0.166372
10,94,1,0.020415
10,103,1,0.130651
10,107,1,0.159736
10,108,1,0.193034
10,112,1,0.205653
10,118,1,0.192154
10,121,1,0.186688
10,142,1,0.095278
11,21,1,0.196440
11,40,1,0.182054
11,53,1,0.037053
11,57,1,0.172473
11,58,1,0.158453
11,65,1,0.151616
11,85,1,0.127334
11,91,1,0.110851
11,93,1,0.166634
11,103,1,0.088838
11,105,1,0.126178
11,112,1,0.162424
11,118,1,0.203943
11,123,1,0.050757
11,125,1,0.089711
11,128,1,0.189757
11,135,1,0.049438
11,139,1,0.029601
11,140,1,0.199490
11,145,1,0.195005
12,1,1,0.168565
12,19,1,0.041383
12,23,1,0.104588
12,29,1,0.114637
12,32,1,0.087692
12,34,1,0.203561
12,51,1,0.122040
12,55,1,0.189713
12,63,1,0.189480
12,83,1,0.054889
12,96,1,0.113505
12,98,1,0.182298
12,111,1,0.206794
12,124,1,0.202392
13,7,1,0.185957
13,14,1,0.207393
13,15,1,0.181723
13,28,1,0.161907
13,33,1,0.024363
13,36,1,0.116148
13,52,1,0.138550
13,71,1,0.173079
13,77,1,0.053342
13,78,1,0.171593
13,82,1,0.057577
13,84,1,0.156708
13,90,1,0.189517
13,99,1,0.187141
13,109,1,0.208742
13,119,1,0.077937
13,127,1,0.051804
13,134,1,0.080971
13,147,1,0.106938
14,0,1,0.080250
14,3,1,0.132679
14,5,1,0.098218
14,13,1,0.207393
14,17,1,0.075162
14,27,1,0.207595
14,28,1,0.066093
14,33,1,0.201150
14,36,1,0.186478
14,39,1,0.184500
14,54,1,0.150987
14,56,1,0.194452
14,77,1,0.208621
14,78,1,0.035800
14,80,1,0.201096
14,82,1,0.166985
14,88,1,0.106875
14,90,1,0.176055
14,99,1,0.115295
14,109,1,0.045256
14,116,1,0.107171
14,117,1,0.014503
14,118,1,0.131213
14,119,1,0.194518
14,127,1,0.158885
14,130,1,0.182416
14,141,1,0.089056
14,147,1,0.171857
15,13,1,0.181723
15,18,1,0.189668
15,33,1,0.157402
15,39,1,0.154768
15,41,1,0.204919
15,44,1,0.115075
15,49,1,0.135587
15,52,1,0.043359
15,54,1,0.141208
15,59,1,0.150743
15,71,1,0.157272
15,79,1,0.138070
15,80,1,0.068135
15,84,1,0.118535
15,90,1,0.073059
15,104,1,0.166262
15,109,1,0.203932
15,110,1,0.160189
15,114,1,0.193736
15,126,1,0.192373
15,127,1,0.159652
15,143,1,0.060899
16,2,1,0.122813
16,25,1,0.137358
16,29,1,0.167062
16,42,1,0.166809
16,55,1,0.148421
16,75,1,0.163277
16,86,1,0.040719
16,96,1,0.203752
16,98,1,0.110331
17,0,1,0.113362
17,3,1,0.059050
17,5,1,0.103205
17,6,1,0.163081
17,14,1,0.075162
17,28,1,0.139020
17,39,1,0.177463
17,54,1,0.155560
17,56,1,0.130372
17,78,1,0.109596
17,85,1,0.205731
17,88,1,0.140417
17,90,1,0.205775
17,99,1,0.176889
17,100,1,0.203122
17,109,1,0.077448
17,116,1,0.093111
17,117,1,0.066823
17,118,1,0.128339
17,125,1,0.181711
17,129,1,0.141563
17,136,1,0.200948
17,141,1,0.061187
18,15,1,0.189668
18,38,1,0.104228
18,44,1,0.173493
18,50,1,0.187002
18,52,1,0.201253
18,59,1,0.207552
18,68,1,0.203949
18,71,1,0.130706
18,75,1,0.154784
18,79,1,0.065172
18,84,1,0.135876
18,102,1,0.085753
18,110,1,0.029530
18,126,1,0.104592
18,132,1,0.140946
18,143,1,0.134048
18,148,1,0.151410
19,1,1,0.206093
19,12,1,0.041383
19,23,1,0.144597
19,29,1,0.083216
19,32,1,0.120469
19,51,1,0.162197
19,55,1,0.149152
19,63,1,0.156368
19,83,1,0.085189
19,96,1,0.099872
19,98,1,0.150224
20,0,1,0.146930
20,5,1,0.149313
20,10,1,0.118775
20,24,1,0.057199
20,27,1,0.018512
20,28,1,0.198728
20,48,1,0.124045
20,58,1,0.116493
20,60,1,0.131910
20,64,1,0.053794
20,73,1,0.069620
20,76,1,0.085146
20,88,1,0.119218
20,92,1,0.132858
20,94,1,0.102040
20,99,1,0.144845
20,103,1,0.209469
20,107,1,0.080940
20,108,1,0.146621
20,116,1,0.165469
20,118,1,0.131418
20,121,1,0.104710
20,130,1,0.110295
20,142,1,0.123623
21,8,1,0.046403
21,9,1,0.194632
21,11,1,0.196440
21,40,1,0.186275
21,57,1,0.075464
21,61,1,0.185464
21,65,1,0.134756
21,67,1,0.170433
21,74,1,0.164767
21,85,1,0.207763
21,89,1,0.172390
21,91,1,0.096611
21,93,1,0.191268
21,101,1,0.141307
21,105,1,0.084105
21,115,1,0.088408
21,123,1,0.152406
21,135,1,0.147064
21,139,1,0.193666
21,140,1,0.192283
21,145,1,0.020603
22,34,1,0.095013
22,37,1,0.157902
22,45,1,0.144483
22,69,1,0.200826
22,70,1,0.115794
22,81,1,0.153863
22,100,1,0.172799
22,106,1,0.205552
22,136,1,0.149773
22,138,1,0.087661
22,149,1,0.187893
23,1,1,0.120476
23,4,1,0.114525
23,12,1,0.104588
23,19,1,0.144597
23,32,1,0.101091
23,34,1,0.171459
23,35,1,0.154374
23,37,1,0.200171
23,51,1,0.017640
23,83,1,0.070612
23,87,1,0.113360
23,96,1,0.202902
23,111,1,0.103796
23,124,1,0.120438
23,138,1,0.206956
24,0,1,0.201492
24,5,1,0.206306
24,10,1,0.116888
24,20,1,0.057199
24,26,1,0.209801
24,27,1,0.075068
24,48,1,0.077599
24,58,1,0.144641
24,60,1,0.121704
24,64,1,0.040581
24,73,1,0.056458
24,76,1,0.029624
24,88,1,0.173333
24,92,1,0.076741
24,94,1,0.096532
24,99,1,0.186120
24,107,1,0.042956
24,108,1,0.094193
24,118,1,0.188424
24,121,1,0.070217
24,130,1,0.134331
24,142,1,0.077812
25,2,1,0.038032
25,16,1,0.137358
25,29,1,0.193641
25,42,1,0.203200
25,44,1,0.127087
25,49,1,0.135118
25,55,1,0.072618
25,59,1,0.094234
25,63,1,0.117341
25,75,1,0.107537
25,86,1,0.143836
25,98,1,0.182132
25,104,1,0.129879
25,114,1,0.171434
25,143,1,0.205230
26,7,1,0.138623
26,24,1,0.209801
26,30,1,0.113764
26,60,1,0.126702
26,62,1,0.142474
26,76,1,0.208539
26,92,1,0.164695
26,97,1,0.070187
26,107,1,0.168293
26,108,1,0.136521
26,121,1,0.141237
26,130,1,0.199747
26,131,1,0.116045
26,133,1,0.053710
26,146,1,0.043924
27,0,1,0.128450
27,5,1,0.131238
27,10,1,0.129859
27,14,1,0.207595
27,20,1,0.018512
27,24,1,0.075068
27,28,1,0.181960
27,48,1,0.142329
27,58,1,0.117823
27,60,1,0.134930
27,64,1,0.070968
27,73,1,0.085546
27,76,1,0.103457
27,88,1,0.100808
27,92,1,0.149735
27,94,1,0.114679
27,99,1,0.129864
27,103,1,0.209832
27,107,1,0.094353
27,108,1,0.161962
27,116,1,0.148074
27,117,1,0.198756
27,118,1,0.114614
27,121,1,0.115975
27,130,1,0.102503
27,142,1,0.141866
28,0,1,0.080508
28,3,1,0.197676
28,5,1,0.116342
28,7,1,0.209358
28,13,1,0.161907
28,14,1,0.066093
28,17,1,0.139020
28,20,1,0.198728
28,27,1,0.181960
28,33,1,0.162426
28,36,1,0.120888
28,54,1,0.193690
28,60,1,0.200691
28,77,1,0.151140
28,78,1,0.044830
28,82,1,0.112031
28,88,1,0.093497
28,90,1,0.196494
28,99,1,0.061245
28,109,1,0.099199
28,116,1,0.136443
28,117,1,0.072197
28,118,1,0.145331
28,119,1,0.132925
28,127,1,0.121712
28,130,1,0.128566
28,134,1,0.182207
28,141,1,0.152295
28,147,1,0.106930
29,12,1,0.114637
29,16,1,0.167062
29,19,1,0.083216
29,25,1,0.193641
29,32,1,0.157550
29,55,1,0.132472
29,63,1,0.177578
29,83,1,0.166595
29,86,1,0.207198
29,96,1,0.053699
29,98,1,0.067777
30,26,1,0.113764
30,62,1,0.131382
30,97,1,0.070856
30,131,1,0.131830
30,133,1,0.128867
30,146,1,0.120503
31,37,1,0.175102
31,43,1,0.177013
31,45,1,0.111289
31,66,1,0.122308
31,69,1,0.147410
31,95,1,0.115015
31,106,1,0.193478
31,137,1,0.166145
32,1,1,0.088929
32,4,1,0.204642
32,12,1,0.087692
32,19,1,0.120469
32,23,1,0.101091
32,29,1,0.157550
32,35,1,0.181435
32,51,1,0.111093
32,83,1,0.112254
32,87,1,0.200565
32,96,1,0.123133
32,111,1,0.173184
32,124,1,0.139607
33,7,1,0.209087
33,13,1,0.024363
33,14,1,0.201150
33,15,1,0.157402
33,28,1,0.162426
33,36,1,0.134501
33,52,1,0.114281
33,71,1,0.160610
33,77,1,0.076223
33,78,1,0.165618
33,79,1,0.209846
33,80,1,0.189056
33,82,1,0.070205
33,84,1,0.139973
33,90,1,0.166741
33,99,1,0.195014
33,109,1,0.197454
33,119,1,0.098185
33,126,1,0.209037
33,127,1,0.042352
33,134,1,0.105321
33,143,1,0.198244
33,147,1,0.123354
34,4,1,0.179117
34,12,1,0.203561
34,22,1,0.095013
34,23,1,0.171459
34,37,1,0.175682
34,51,1,0.174576
34,70,1,0.110702
34,81,1,0.106892
34,83,1,0.152580
34,87,1,0.187238
34,136,1,0.199679
34,138,1,0.037574
34,149,1,0.161176
35,1,1,0.102641
35,4,1,0.129658
35,23,1,0.154374
35,32,1,0.181435
35,46,1,0.129015
35,51,1,0.139835
35,72,1,0.153746
35,87,1,0.120165
35,111,1,0.078563
35,113,1,0.059997
35,120,1,0.098183
35,124,1,0.041892
35,137,1,0.197101
36,0,1,0.178252
36,7,1,0.095265
36,13,1,0.116148
36,14,1,0.186478
36,28,1,0.120888
36,33,1,0.134501
36,60,1,0.142111
36,77,1,0.068910
36,78,1,0.158084
36,82,1,0.067550
36,88,1,0.172710
36,99,1,0.103699
36,117,1,0.193054
36,119,1,0.039681
36,121,1,0.202059
36,127,1,0.119601
36,130,1,0.109651
36,131,1,0.198387
36,133,1,0.184955
36,134,1,0.079005
36,146,1,0.194851
36,147,1,0.017017
37,4,1,0.098921
37,22,1,0.157902
37,23,1,0.200171
37,31,1,0.175102
37,34,1,0.175682
37,45,1,0.122106
37,46,1,0.130652
37,51,1,0.187326
37,69,1,0.048623
37,72,1,0.205880
37,87,1,0.106391
37,111,1,0.149354
37,137,1,0.115104
37,138,1,0.202194
38,18,1,0.104228
38,50,1,0.132902
38,68,1,0.171077
38,71,1,0.161409
38,79,1,0.140582
38,84,1,0.188632
38,102,1,0.037149
38,110,1,0.129355
38,126,1,0.113172
38,132,1,0.059459
38,148,1,0.160636
39,3,1,0.176233
39,14,1,0.184500
39,15,1,0.154768
39,17,1,0.177463
39,41,1,0.076535
39,44,1,0.182578
39,49,1,0.133417
39,52,1,0.176243
39,54,1,0.038349
39,56,1,0.153439
39,59,1,0.183160
39,63,1,0.203758
39,70,1,0.191690
39,78,1,0.186665
39,80,1,0.086641
39,81,1,0.172003
39,90,1,0.092535
39,104,1,0.136893
39,109,1,0.139312
39,114,1,0.114387
39,117,1,0.192793
39,141,1,0.116362
39,143,1,0.198060
39,149,1,0.121192
40,3,1,0.208385
40,6,1,0.112938
40,8,1,0.180351
40,11,1,0.182054
40,21,1,0.186275
40,47,1,0.133778
40,53,1,0.177793
40,57,1,0.111105
40,74,1,0.173991
40,85,1,0.072090
40,89,1,0.062585
40,91,1,0.189372
40,93,1,0.019889
40,100,1,0.124927
40,105,1,0.194211
40,106,1,0.184111
40,115,1,0.205081
40,122,1,0.141855
40,123,1,0.184447
40,125,1,0.146419
40,129,1,0.118170
40,135,1,0.160020
40,136,1,0.168531
40,139,1,0.154891
40,140,1,0.017597
40,145,1,0.202435
41,15,1,0.204919
41,39,1,0.076535
41,44,1,0.188077
41,49,1,0.123119
41,54,1,0.114838
41,56,1,0.160355
41,59,1,0.171047
41,63,1,0.144821
41,70,1,0.141444
41,80,1,0.142426
41,81,1,0.105196
41,90,1,0.158638
41,104,1,0.107812
41,109,1,0.209739
41,114,1,0.061643
41,136,1,0.207249
41,138,1,0.182733
41,141,1,0.174224
41,149,1,0.070720
42,2,1,0.165372
42,16,1,0.166809
42,25,1,0.203200
42,50,1,0.185773
42,75,1,0.119531
42,86,1,0.126563
42,148,1,0.094166
43,31,1,0.177013
43,45,1,0.147172
43,47,1,0.077156
43,66,1,0.054836
43,74,1,0.102379
43,89,1,0.151543
43,95,1,0.062073
43,101,1,0.166762
43,106,1,0.035037
43,115,1,0.200580
43,122,1,0.069338
43,140,1,0.194975
43,144,1,0.125872
44,2,1,0.135001
44,15,1,0.115075
44,18,1,0.173493
44,25,1,0.127087
44,39,1,0.182578
44,41,1,0.188077
44,49,1,0.066942
44,52,1,0.157100
44,54,1,0.193765
44,55,1,0.176956
44,59,1,0.042567
44,63,1,0.164329
44,75,1,0.137201
44,79,1,0.160580
44,80,1,0.127918
44,84,1,0.190723
44,90,1,0.153600
44,104,1,0.094653
44,110,1,0.149761
44,114,1,0.143898
44,143,1,0.082952
45,22,1,0.144483
45,31,1,0.111289
45,37,1,0.122106
45,43,1,0.147172
45,47,1,0.190999
45,66,1,0.112640
45,69,1,0.129482
45,95,1,0.104074
45,106,1,0.141783
45,122,1,0.187994
45,137,1,0.188541
46,4,1,0.108829
46,35,1,0.129015
46,37,1,0.130652
46,51,1,0.194224
46,69,1,0.105468
46,72,1,0.079873
46,87,1,0.104762
46,111,1,0.110927
46,113,1,0.157138
46,120,1,0.110977
46,124,1,0.157988
46,137,1,0.068272
47,6,1,0.204896
47,8,1,0.179403
47,40,1,0.133778
47,43,1,0.077156
47,45,1,0.190999
47,57,1,0.157663
47,66,1,0.128971
47,74,1,0.083869
47,85,1,0.205863
47,89,1,0.074919
47,93,1,0.153629
47,95,1,0.134390
47,100,1,0.179209
47,101,1,0.159281
47,106,1,0.054390
47,115,1,0.172676
47,122,1,0.008590
47,140,1,0.118097
47,144,1,0.159786
48,10,1,0.097078
48,20,1,0.124045
48,24,1,0.077599
48,27,1,0.142329
48,58,1,0.155946
48,60,1,0.187585
48,64,1,0.073707
48,73,1,0.067386
48,76,1,0.051597
48,92,1,0.078780
48,94,1,0.081782
48,107,1,0.105678
48,108,1,0.107055
48,121,1,0.125781
48,142,1,0.001847
49,2,1,0.159111
49,15,1,0.135587
49,25,1,0.135118
49,39,1,0.133417
49,41,1,0.123119
49,44,1,0.066942
49,52,1,0.178122
49,54,1,0.155171
49,55,1,0.156727
49,59,1,0.050587
49,63,1,0.117656
49,75,1,0.187257
49,80,1,0.111336
49,90,1,0.139756
49,104,1,0.032330
49,114,1,0.077225
49,143,1,0.132050
49,149,1,0.193029
50,18,1,0.187002
50,38,1,0.132902
50,42,1,0.185773
50,102,1,0.114221
50,132,1,0.076039
50,148,1,0.098355
51,1,1,0.116914
51,4,1,0.098487
51,12,1,0.122040
51,19,1,0.162197
51,23,1,0.017640
51,32,1,0.111093
51,34,1,0.174576
51,35,1,0.139835
51,37,1,0.187326
51,46,1,0.194224
51,83,1,0.087396
51,87,1,0.096732
51,111,1,0.086241
51,113,1,0.197503
51,124,1,0.108192
52,13,1,0.138550
52,15,1,0.043359
52,18,1,0.201253
52,33,1,0.114281
52,39,1,0.176243
52,44,1,0.157100
52,49,1,0.178122
52,54,1,0.154056
52,59,1,0.193880
52,71,1,0.137982
52,77,1,0.189646
52,78,1,0.193541
52,79,1,0.141167
52,80,1,0.093605
52,82,1,0.171696
52,84,1,0.099332
52,90,1,0.084539
52,104,1,0.208158
52,109,1,0.193354
52,110,1,0.172957
52,119,1,0.207830
52,126,1,0.180287
52,127,1,0.119987
52,143,1,0.090372
53,5,1,0.194099
53,6,1,0.209909
53,10,1,0.203438
53,11,1,0.037053
53,40,1,0.177793
53,57,1,0.190553
53,58,1,0.142068
53,65,1,0.188669
53,85,1,0.113332
53,91,1,0.145032
53,93,1,0.160055
53,103,1,0.094879
53,105,1,0.160139
53,112,1,0.190557
53,116,1,0.174668
53,118,1,0.168549
53,123,1,0.086788
53,125,1,0.058176
53,129,1,0.185450
53,135,1,0.079729
53,139,1,0.032012
53,140,1,0.195358
54,3,1,0.166473
54,14,1,0.150987
54,15,1,0.141208
54,17,1,0.155560
54,28,1,0.193690
54,39,1,0.038349
54,41,1,0.114838
54,44,1,0.193765
54,49,1,0.155171
54,52,1,0.154056
54,56,1,0.161752
54,59,1,0.202180
54,78,1,0.149951
54,80,1,0.076515
54,81,1,0.207243
54,90,1,0.070250
54,104,1,0.164900
54,109,1,0.105864
54,114,1,0.149639
54,117,1,0.160594
54,127,1,0.190960
54,141,1,0.095449
54,143,1,0.192773
54,149,1,0.153719
55,2,1,0.105743
55,12,1,0.189713
55,16,1,0.148421
55,19,1,0.149152
55,25,1,0.072618
55,29,1,0.132472
55,44,1,0.176956
55,49,1,0.156727
55,59,1,0.135740
55,63,1,0.074927
55,75,1,0.178969
55,86,1,0.172398
55,96,1,0.186040
55,98,1,0.142547
55,104,1,0.136391
55,114,1,0.158085
56,3,1,0.078688
56,6,1,0.099062
56,14,1,0.194452
56,17,1,0.130372
56,39,1,0.153439
56,41,1,0.160355
56,54,1,0.161752
56,70,1,0.126948
56,81,1,0.160491
56,85,1,0.201261
56,93,1,0.204785
56,100,1,0.105459
56,109,1,0.169241
56,117,1,0.191305
56,129,1,0.105926
56,136,1,0.081913
56,138,1,0.199825
56,141,1,0.112811
56,149,1,0.115285
57,8,1,0.075087
57,11,1,0.172473
57,21,1,0.075464
57,40,1,0.111105
57,47,1,0.157663
57,53,1,0.190553
57,65,1,0.176492
57,74,1,0.136488
57,85,1,0.142215
57,89,1,0.101811
57,91,1,0.112665
57,93,1,0.117591
57,101,1,0.151135
57,105,1,0.109486
57,115,1,0.111434
57,122,1,0.161562
57,123,1,0.143811
57,125,1,0.193282
57,135,1,0.127115
57,139,1,0.158731
57,140,1,0.116842
57,145,1,0.092863
58,0,1,0.191802
58,5,1,0.169041
58,10,1,0.068221
58,11,1,0.158453
58,20,1,0.116493
58,24,1,0.144641
58,27,1,0.117823
58,48,1,0.155946
58,53,1,0.142068
58,64,1,0.105742
58,73,1,0.096773
58,76,1,0.155499
58,88,1,0.173956
58,94,1,0.075585
58,103,1,0.093016
58,107,1,0.184953
58,112,1,0.201397
58,116,1,0.167970
58,118,1,0.136565
58,123,1,0.200079
58,125,1,0.171366
58,135,1,0.207139
58,139,1,0.172469
58,142,1,0.154331
59,2,1,0.111952
59,15,1,0.150743
59,18,1,0.207552
59,25,1,0.094234
59,39,1,0.183160
59,41,1,0.171047
59,44,1,0.042567
59,49,1,0.050587
59,52,1,0.193880
59,54,1,0.202180
59,55,1,0.135740
59,63,1,0.123090
59,75,1,0.136956
59,79,1,0.201339
59,80,1,0.147686
59,90,1,0.175590
59,104,1,0.065880
59,110,1,0.186360
59,114,1,0.117909
59,143,1,0.125260
60,0,1,0.201360
60,7,1,0.111963
60,20,1,0.131910
60,24,1,0.121704
60,26,1,0.126702
60,27,1,0.134930
60,28,1,0.200691
60,36,1,0.142111
60,48,1,0.187585
60,64,1,0.158509
60,73,1,0.176415
60,76,1,0.137550
60,77,1,0.207852
60,82,1,0.208140
60,88,1,0.177666
60,92,1,0.129780
60,97,1,0.181069
60,99,1,0.142307
60,107,1,0.082573
60,108,1,0.115289
60,119,1,0.180261
60,121,1,0.063252
60,130,1,0.075271
60,131,1,0.183373
60,133,1,0.123576
60,134,1,0.202601
60,142,1,0.188540
60,146,1,0.126717
60,147,1,0.153950
61,8,1,0.188094
61,9,1,0.187163
61,21,1,0.185464
61,67,1,0.091937
61,101,1,0.202655
61,115,1,0.179721
61,145,1,0.175629
62,26,1,0.142474
62,30,1,0.131382
62,92,1,0.199458
62,97,1,0.166217
62,108,1,0.178868
62,133,1,0.192233
62,146,1,0.181369
63,2,1,0.155357
63,12,1,0.189480
63,19,1,0.156368
63,25,1,0.117341
63,29,1,0.177578
63,39,1,0.203758
63,41,1,0.144821
63,44,1,0.164329
63,49,1,0.117656
63,55,1,0.074927
63,59,1,0.123090
63,81,1,0.173980
63,83,1,0.198141
63,98,1,0.207441
63,104,1,0.087729
63,114,1,0.089535
63,149,1,0.188486
64,0,1,0.197783
64,5,1,0.194969
64,10,1,0.078044
64,20,1,0.053794
64,24,1,0.040581
64,27,1,0.070968
64,48,1,0.073707
64,58,1,0.105742
64,60,1,0.158509
64,73,1,0.018508
64,76,1,0.051093
64,88,1,0.170803
64,92,1,0.107650
64,94,1,0.058134
64,99,1,0.198216
64,103,1,0.193977
64,107,1,0.083286
64,108,1,0.129726
64,116,1,0.207441
64,118,1,0.171909
64,121,1,0.110668
64,130,1,0.157294
64,142,1,0.072946
65,8,1,0.181123
65,9,1,0.108254
65,11,1,0.151616
65,21,1,0.134756
65,53,1,0.188669
65,57,1,0.176492
65,91,1,0.070691
65,103,1,0.179310
65,105,1,0.067931
65,112,1,0.120849
65,123,1,0.104254
65,128,1,0.119531
65,135,1,0.122318
65,139,1,0.169763
65,145,1,0.117927
66,31,1,0.122308
66,43,1,0.054836
66,45,1,0.112640
66,47,1,0.128971
66,74,1,0.152810
66,89,1,0.203886
66,95,1,0.009184
66,101,1,0.208597
66,106,1,0.077099
66,122,1,0.121895
66,144,1,0.148841
67,8,1,0.149935
67,21,1,0.170433
67,61,1,0.091937
67,74,1,0.199459
67,101,1,0.124115
67,115,1,0.121530
67,144,1,0.178129
67,145,1,0.171033
68,18,1,0.203949
68,38,1,0.171077
68,71,1,0.109914
68,79,1,0.172846
68,84,1,0.146394
68,102,1,0.202052
68,110,1,0.204710
68,126,1,0.101792
69,4,1,0.120079
69,22,1,0.200826
69,31,1,0.147410
69,37,1,0.048623
69,45,1,0.129482
69,46,1,0.105468
69,72,1,0.171349
69,87,1,0.124678
69,111,1,0.161226
69,137,1,0.070351
70,3,1,0.205626
70,6,1,0.183392
70,22,1,0.115794
70,34,1,0.110702
70,39,1,0.191690
70,41,1,0.141444
70,56,1,0.126948
70,81,1,0.058456
70,100,1,0.148469
70,114,1,0.186199
70,129,1,0.206399
70,136,1,0.105866
70,138,1,0.073133
70,149,1,0.072621
71,13,1,0.173079
71,15,1,0.157272
71,18,1,0.130706
71,33,1,0.160610
71,38,1,0.161409
71,52,1,0.137982
71,68,1,0.109914
71,79,1,0.075956
71,84,1,0.039160
71,102,1,0.174589
71,110,1,0.117877
71,126,1,0.048920
71,127,1,0.196676
71,143,1,0.140489
72,4,1,0.185047
72,35,1,0.153746
72,37,1,0.205880
72,46,1,0.079873
72,69,1,0.171349
72,87,1,0.179451
72,111,1,0.172714
72,113,1,0.150303
72,120,1,0.077283
72,124,1,0.193366
72,137,1,0.108222
73,0,1,0.209608
73,5,1,0.203907
73,10,1,0.060514
73,20,1,0.069620
73,24,1,0.056458
73,27,1,0.085546
73,48,1,0.067386
73,58,1,0.096773
73,60,1,0.176415
73,64,1,0.018508
73,76,1,0.059344
73,88,1,0.183317
73,92,1,0.115337
73,94,1,0.040270
73,103,1,0.181297
73,107,1,0.099391
73,108,1,0.139564
73,118,1,0.178829
73,121,1,0.126523
73,130,1,0.175433
73,142,1,0.066234
74,8,1,0.120984
74,21,1,0.164767
74,40,1,0.173991
74,43,1,0.102379
74,47,1,0.083869
74,57,1,0.136488
74,66,1,0.152810
74,67,1,0.199459
74,89,1,0.113984
74,93,1,0.192318
74,95,1,0.161351
74,101,1,0.075645
74,106,1,0.109437
74,115,1,0.098869
74,122,1,0.079348
74,140,1,0.164040
74,144,1,0.094586
74,145,1,0.184392
75,2,1,0.073925
75,16,1,0.163277
75,18,1,0.154784
75,25,1,0.107537
75,42,1,0.119531
75,44,1,0.137201
75,49,1,0.187257
75,55,1,0.178969
75,59,1,0.136956
75,79,1,0.193102
75,86,1,0.140639
75,102,1,0.204779
75,104,1,0.199739
75,110,1,0.153749
75,143,1,0.179922
75,148,1,0.148173
76,10,1,0.114665
76,20,1,0.085146
76,24,1,0.029624
76,26,1,0.208539
76,27,1,0.103457
76,48,1,0.051597
76,58,1,0.155499
76,60,1,0.137550
76,64,1,0.051093
76,73,1,0.059344
76,88,1,0.202695
76,92,1,0.056659
76,94,1,0.094684
76,107,1,0.055006
76,108,1,0.080225
76,121,1,0.077948
76,130,1,0.160746
76,142,1,0.052223
77,7,1,0.132870
77,13,1,0.053342
77,14,1,0.208621
77,28,1,0.151140
77,33,1,0.076223
77,36,1,0.068910
77,52,1,0.189646
77,60,1,0.207852
77,78,1,0.174285
77,82,1,0.042181
77,84,1,0.207848
77,99,1,0.158609
77,119,1,0.029373
77,127,1,0.081612
77,130,1,0.177871
77,134,1,0.037337
77,147,1,0.064951
78,0,1,0.096287
78,3,1,0.165392
78,5,1,0.123365
78,13,1,0.171593
78,14,1,0.035800
78,17,1,0.109596
78,28,1,0.044830
78,33,1,0.165618
78,36,1,0.158084
78,39,1,0.186665
78,52,1,0.193541
78,54,1,0.149951
78,77,1,0.174285
78,80,1,0.187231
78,82,1,0.132333
78,88,1,0.118340
78,90,1,0.160168
78,99,1,0.104565
78,109,1,0.055305
78,116,1,0.136848
78,117,1,0.048808
78,118,1,0.155904
78,119,1,0.161972
78,127,1,0.123297
78,130,1,0.172598
78,134,1,0.208981
78,141,1,0.110492
78,147,1,0.142465
79,15,1,0.138070
79,18,1,0.065172
79,33,1,0.209846
79,38,1,0.140582
79,44,1,0.160580
79,52,1,0.141167
79,59,1,0.201339
79,68,1,0.172846
79,71,1,0.075956
79,75,1,0.193102
79,80,1,0.204105
79,84,1,0.071703
79,102,1,0.136872
79,110,1,0.044019
79,126,1,0.073793
79,132,1,0.190974
79,143,1,0.094048
80,14,1,0.201096
80,15,1,0.068135
80,33,1,0.189056
80,39,1,0.086641
80,41,1,0.142426
80,44,1,0.127918
80,49,1,0.111336
80,52,1,0.093605
80,54,1,0.076515
80,59,1,0.147686
80,78,1,0.187231
80,79,1,0.204105
80,84,1,0.185403
80,90,1,0.028459
80,104,1,0.134241
80,109,1,0.160330
80,114,1,0.145074
80,127,1,0.175560
80,141,1,0.167738
80,143,1,0.116264
80,149,1,0.202866
81,22,1,0.153863
81,34,1,0.106892
81,39,1,0.172003
81,41,1,0.105196
81,54,1,0.207243
81,56,1,0.160491
81,63,1,0.173980
81,70,1,0.058456
81,83,1,0.204775
81,100,1,0.204112
81,104,1,0.187892
81,114,1,0.136486
81,136,1,0.160675
81,138,1,0.077538
81,149,1,0.057714
82,0,1,0.188685
82,7,1,0.154632
82,13,1,0.057577
82,14,1,0.166985
82,28,1,0.112031
82,33,1,0.070205
82,36,1,0.067550
82,52,1,0.171696
82,60,1,0.208140
82,77,1,0.042181
82,78,1,0.132333
82,88,1,0.193288
82,90,1,0.199862
82,99,1,0.130012
82,109,1,0.179067
82,117,1,0.177722
82,119,1,0.040398
82,127,1,0.052700
82,130,1,0.163744
82,134,1,0.078471
82,147,1,0.054191
83,1,1,0.171618
83,4,1,0.173173
83,12,1,0.054889
83,19,1,0.085189
83,23,1,0.070612
83,29,1,0.166595
83,32,1,0.112254
83,34,1,0.152580
83,51,1,0.087396
83,63,1,0.198141
83,81,1,0.204775
83,87,1,0.174527
83,96,1,0.168285
83,111,1,0.172992
83,124,1,0.187501
83,138,1,0.180958
84,13,1,0.156708
84,15,1,0.118535
84,18,1,0.135876
84,33,1,0.139973
84,38,1,0.188632
84,44,1,0.190723
84,52,1,0.099332
84,68,1,0.146394
84,71,1,0.039160
84,77,1,0.207848
84,79,1,0.071703
84,80,1,0.185403
84,90,1,0.182369
84,102,1,0.195701
84,110,1,0.115435
84,126,1,0.082098
84,127,1,0.171174
84,143,1,0.108367
85,3,1,0.171572
85,6,1,0.109792
85,11,1,0.127334
85,17,1,0.205731
85,21,1,0.207763
85,40,1,0.072090
85,47,1,0.205863
85,53,1,0.113332
85,56,1,0.201261
85,57,1,0.142215
85,89,1,0.133461
85,91,1,0.174582
85,93,1,0.052289
85,100,1,0.147644
85,103,1,0.207834
85,105,1,0.184551
85,116,1,0.197100
85,123,1,0.146895
85,125,1,0.074570
85,129,1,0.095340
85,135,1,0.123286
85,136,1,0.186907
85,139,1,0.097816
85,140,1,0.088411
86,2,1,0.119168
86,16,1,0.040719
86,25,1,0.143836
86,29,1,0.207198
86,42,1,0.126563
86,55,1,0.172398
86,75,1,0.140639
86,98,1,0.150943
87,1,1,0.168500
87,4,1,0.009502
87,23,1,0.113360
87,32,1,0.200565
87,34,1,0.187238
87,35,1,0.120165
87,37,1,0.106391
87,46,1,0.104762
87,51,1,0.096732
87,69,1,0.124678
87,72,1,0.179451
87,83,1,0.174527
87,111,1,0.044424
87,113,1,0.176745
87,120,1,0.175000
87,124,1,0.118605
87,137,1,0.146433
88,0,1,0.028256
88,3,1,0.193364
88,5,1,0.050003
88,14,1,0.106875
88,17,1,0.140417
88,20,1,0.119218
88,24,1,0.173333
88,27,1,0.100808
88,28,1,0.093497
88,36,1,0.172710
88,58,1,0.173956
88,60,1,0.177666
88,64,1,0.170803
88,73,1,0.183317
88,76,1,0.202695
88,78,1,0.118340
88,82,1,0.193288
88,94,1,0.204447
88,99,1,0.069036
88,107,1,0.179608
88,109,1,0.152010
88,116,1,0.075268
88,117,1,0.098022
88,118,1,0.062984
88,119,1,0.200589
88,121,1,0.192123
88,125,1,0.209764
88,130,1,0.106507
88,141,1,0.185452
88,147,1,0.165888
89,6,1,0.158477
89,8,1,0.151336
89,21,1,0.172390
89,40,1,0.062585
89,43,1,0.151543
89,47,1,0.074919
89,57,1,0.101811
89,66,1,0.203886
89,74,1,0.113984
89,85,1,0.133461
89,91,1,0.206918
89,93,1,0.082205
89,95,1,0.209194
89,100,1,0.151152
89,101,1,0.174394
89,105,1,0.207139
89,106,1,0.128350
89,115,1,0.164039
89,122,1,0.082277
89,125,1,0.206658
89,129,1,0.171712
89,135,1,0.196605
89,136,1,0.191859
89,139,1,0.204602
89,140,1,0.050359
89,144,1,0.207454
89,145,1,0.191806
90,13,1,0.189517
90,14,1,0.176055
90,15,1,0.073059
90,17,1,0.205775
90,28,1,0.196494
90,33,1,0.166741
90,39,1,0.092535
90,41,1,0.158638
90,44,1,0.153600
90,49,1,0.139756
90,52,1,0.084539
90,54,1,0.070250
90,59,1,0.175590
90,78,1,0.160168
90,80,1,0.028459
90,82,1,0.199862
90,84,1,0.182369
90,104,1,0.161990
90,109,1,0.137232
90,114,1,0.169147
90,117,1,0.189058
90,127,1,0.149765
90,141,1,0.152039
90,143,1,0.129847
91,8,1,0.139399
91,9,1,0.172891
91,11,1,0.110851
91,21,1,0.096611
91,40,1,0.189372
91,53,1,0.145032
91,57,1,0.112665
91,65,1,0.070691
91,85,1,0.174582
91,89,1,0.206918
91,93,1,0.184133
91,103,1,0.171936
91,105,1,0.015375
91,112,1,0.163866
91,115,1,0.183659
91,123,1,0.061100
91,125,1,0.181308
91,128,1,0.174224
91,135,1,0.066558
91,139,1,0.118540
91,140,1,0.202642
91,145,1,0.089119
92,10,1,0.166372
92,20,1,0.132858
92,24,1,0.076741
92,26,1,0.164695
92,27,1,0.149735
92,48,1,0.078780
92,60,1,0.129780
92,62,1,0.199458
92,64,1,0.107650
92,73,1,0.115337
92,76,1,0.056659
92,94,1,0.147403
92,107,1,0.065343
92,108,1,0.028275
92,121,1,0.068279
92,130,1,0.177753
92,133,1,0.200545
92,142,1,0.080454
92,146,1,0.196288
93,3,1,0.195019
93,6,1,0.105796
93,8,1,0.189918
93,11,1,0.166634
93,21,1,0.191268
93,40,1,0.019889
93,47,1,0.153629
93,53,1,0.160055
93,56,1,0.204785
93,57,1,0.117591
93,74,1,0.192318
93,85,1,0.052289
93,89,1,0.082205
93,91,1,0.184133
93,100,1,0.126007
93,105,1,0.190437
93,106,1,0.203649
93,122,1,0.161726
93,123,1,0.173222
93,125,1,0.126750
93,129,1,0.106235
93,135,1,0.148617
93,136,1,0.169199
93,139,1,0.138662
93,140,1,0.036294
93,145,1,0.206087
94,10,1,0.020415
94,20,1,0.102040
94,24,1,0.096532
94,27,1,0.114679
94,48,1,0.081782
94,58,1,0.075585
94,64,1,0.058134
94,73,1,0.040270
94,76,1,0.094684
94,88,1,0.204447
94,92,1,0.147403
94,103,1,0.148046
94,107,1,0.139347
94,108,1,0.173654
94,118,1,0.187667
94,121,1,0.166277
94,142,1,0.080066
95,31,1,0.115015
95,43,1,0.062073
95,45,1,0.104074
95,47,1,0.134390
95,66,1,0.009184
95,74,1,0.161351
95,89,1,0.209194
95,106,1,0.081424
95,122,1,0.127604
95,144,1,0.157755
96,1,1,0.206031
96,12,1,0.113505
96,16,1,0.203752
96,19,1,0.099872
96,23,1,0.202902
96,29,1,0.053699
96,32,1,0.123133
96,55,1,0.186040
96,83,1,0.168285
96,98,1,0.093869
97,7,1,0.146315
97,26,1,0.070187
97,30,1,0.070856
97,60,1,0.181069
97,62,1,0.166217
97,108,1,0.206627
97,121,1,0.208043
97,131,1,0.069422
97,133,1,0.061068
97,146,1,0.054971
98,2,1,0.190628
98,12,1,0.182298
98,16,1,0.110331
98,19,1,0.150224
98,25,1,0.182132
98,29,1,0.067777
98,55,1,0.142547
98,63,1,0.207441
98,86,1,0.150943
98,96,1,0.093869
99,0,1,0.077076
99,5,1,0.113706
99,7,1,0.172828
99,13,1,0.187141
99,14,1,0.115295
99,17,1,0.176889
99,20,1,0.144845
99,24,1,0.186120
99,27,1,0.129864
99,28,1,0.061245
99,33,1,0.195014
99,36,1,0.103699
99,60,1,0.142307
99,64,1,0.198216
99,77,1,0.158609
99,78,1,0.104565
99,82,1,0.130012
99,88,1,0.069036
99,107,1,0.175855
99,109,1,0.155849
99,116,1,0.138832
99,117,1,0.114991
99,118,1,0.131959
99,119,1,0.132447
99,121,1,0.178432
99,127,1,0.159989
99,130,1,0.068194
99,134,1,0.180165
99,141,1,0.204325
99,147,1,0.097149
100,3,1,0.144427
100,6,1,0.051619
100,17,1,0.203122
100,22,1,0.172799
100,40,1,0.124927
100,47,1,0.179209
100,56,1,0.105459
100,70,1,0.148469
100,81,1,0.204112
100,85,1,0.147644
100,89,1,0.151152
100,93,1,0.126007
100,106,1,0.203929
100,122,1,0.187110
100,125,1,0.202951
100,129,1,0.082201
100,136,1,0.043605
100,138,1,0.203216
100,140,1,0.117811
100,141,1,0.209028
100,149,1,0.184450
101,8,1,0.096119
101,21,1,0.141307
101,43,1,0.166762
101,47,1,0.159281
101,57,1,0.151135
101,61,1,0.202655
101,66,1,0.208597
101,67,1,0.124115
101,74,1,0.075645
101,89,1,0.174394
101,106,1,0.181550
101,115,1,0.053201
101,122,1,0.154986
101,144,1,0.085677
101,145,1,0.156313
102,18,1,0.085753
102,38,1,0.037149
102,50,1,0.114221
102,68,1,0.202052
102,71,1,0.174589
102,75,1,0.204779
102,79,1,0.136872
102,84,1,0.195701
102,110,1,0.114418
102,126,1,0.129659
102,132,1,0.055422
102,148,1,0.125107
103,10,1,0.130651
103,11,1,0.088838
103,20,1,0.209469
103,27,1,0.209832
103,53,1,0.094879
103,58,1,0.093016
103,64,1,0.193977
103,65,1,0.179310
103,73,1,0.181297
103,85,1,0.207834
103,91,1,0.171936
103,94,1,0.148046
103,105,1,0.186259
103,112,1,0.121720
103,118,1,0.195842
103,123,1,0.116421
103,125,1,0.148440
103,128,1,0.154712
103,135,1,0.130022
103,139,1,0.114068
104,2,1,0.159788
104,15,1,0.166262
104,25,1,0.129879
104,39,1,0.136893
104,41,1,0.107812
104,44,1,0.094653
104,49,1,0.032330
104,52,1,0.208158
104,54,1,0.164900
104,55,1,0.136391
104,59,1,0.065880
104,63,1,0.087729
104,75,1,0.199739
104,80,1,0.134241
104,81,1,0.187892
104,90,1,0.161990
104,114,1,0.052030
104,143,1,0.164248
104,149,1,0.174458
105,8,1,0.128327
105,9,1,0.164525
105,11,1,0.126178
105,21,1,0.084105
105,40,1,0.194211
105,53,1,0.160139
105,57,1,0.109486
105,65,1,0.067931
105,85,1,0.184551
105,89,1,0.207139
105,91,1,0.015375
105,93,1,0.190437
105,103,1,0.186259
105,112,1,0.171014
105,115,1,0.172068
105,123,1,0.076465
105,125,1,0.195089
105,128,1,0.178740
105,135,1,0.081214
105,139,1,0.133162
105,140,1,0.206585
105,145,1,0.074962
106,22,1,0.205552
106,31,1,0.193478
106,40,1,0.184111
106,43,1,0.035037
106,45,1,0.141783
106,47,1,0.054390
106,66,1,0.077099
106,74,1,0.109437
106,89,1,0.128350
106,93,1,0.203649
106,95,1,0.081424
106,100,1,0.203929
106,101,1,0.181550
106,115,1,0.207619
106,122,1,0.048918
106,140,1,0.167431
106,144,1,0.154279
107,0,1,0.207583
107,7,1,0.194409
107,10,1,0.159736
107,20,1,0.080940
107,24,1,0.042956
107,26,1,0.168293
107,27,1,0.094353
107,48,1,0.105678
107,58,1,0.184953
107,60,1,0.082573
107,64,1,0.083286
107,73,1,0.099391
107,76,1,0.055006
107,88,1,0.179608
107,92,1,0.065343
107,94,1,0.139347
107,99,1,0.175855
107,108,1,0.069459
107,118,1,0.207663
107,121,1,0.027427
107,130,1,0.114143
107,133,1,0.187523
107,142,1,0.106519
107,146,1,0.186808
108,10,1,0.193034
108,20,1,0.146621
108,24,1,0.094193
108,26,1,0.136521
108,27,1,0.161962
108,48,1,0.107055
108,60,1,0.115289
108,62,1,0.178868
108,64,1,0.129726
108,73,1,0.139564
108,76,1,0.080225
108,92,1,0.028275
108,94,1,0.173654
108,97,1,0.206627
108,107,1,0.069459
108,121,1,0.060725
108,130,1,0.172932
108,133,1,0.173710
108,142,1,0.108728
108,146,1,0.169012
109,0,1,0.124988
109,3,1,0.122989
109,5,1,0.138446
109,13,1,0.208742
109,14,1,0.045256
109,15,1,0.203932
109,17,1,0.077448
109,28,1,0.099199
109,33,1,0.197454
109,39,1,0.139312
109,41,1,0.209739
109,52,1,0.193354
109,54,1,0.105864
109,56,1,0.169241
109,78,1,0.055305
109,80,1,0.160330
109,82,1,0.179067
109,88,1,0.152010
109,90,1,0.137232
109,99,1,0.155849
109,116,1,0.142310
109,117,1,0.055008
109,118,1,0.170827
109,127,1,0.157242
109,141,1,0.056616
109,147,1,0.196240
110,15,1,0.160189
110,18,1,0.029530
110,38,1,0.129355
110,44,1,0.149761
110,52,1,0.172957
110,59,1,0.186360
110,68,1,0.204710
110,71,1,0.117877
110,75,1,0.153749
110,79,1,0.044019
110,84,1,0.115435
110,102,1,0.114418
110,126,1,0.102931
110,132,1,0.169802
110,143,1,0.104713
110,148,1,0.175172
111,1,1,0.127906
111,4,1,0.053496
111,12,1,0.206794
111,23,1,0.103796
111,32,1,0.173184
111,35,1,0.078563
111,37,1,0.149354
111,46,1,0.110927
111,51,1,0.086241
111,69,1,0.161226
111,72,1,0.172714
111,83,1,0.172992
111,87,1,0.044424
111,113,1,0.137466
111,120,1,0.149684
111,124,1,0.074335
111,137,1,0.167727
112,9,1,0.169772
112,10,1,0.205653
112,11,1,0.162424
112,53,1,0.190557
112,58,1,0.201397
112,65,1,0.120849
112,91,1,0.163866
112,103,1,0.121720
112,105,1,0.171014
112,123,1,0.146011
112,128,1,0.033084
112,135,1,0.170442
112,139,1,0.191531
113,1,1,0.132222
113,4,1,0.186209
113,35,1,0.059997
113,46,1,0.157138
113,51,1,0.197503
113,72,1,0.150303
113,87,1,0.176745
113,111,1,0.137466
113,120,1,0.075443
113,124,1,0.091130
114,2,1,0.204966
114,15,1,0.193736
114,25,1,0.171434
114,39,1,0.114387
114,41,1,0.061643
114,44,1,0.143898
114,49,1,0.077225
114,54,1,0.149639
114,55,1,0.158085
114,59,1,0.117909
114,63,1,0.089535
114,70,1,0.186199
114,80,1,0.145074
114,81,1,0.136486
114,90,1,0.169147
114,104,1,0.052030
114,138,1,0.209137
114,143,1,0.204764
114,149,1,0.123611
115,8,1,0.044695
115,21,1,0.088408
115,40,1,0.205081
115,43,1,0.200580
115,47,1,0.172676
115,57,1,0.111434
115,61,1,0.179721
115,67,1,0.121530
115,74,1,0.098869
115,89,1,0.164039
115,91,1,0.183659
115,101,1,0.053201
115,105,1,0.172068
115,106,1,0.207619
115,122,1,0.170877
115,140,1,0.203350
115,144,1,0.138400
115,145,1,0.103117
116,0,1,0.062373
116,3,1,0.132332
116,5,1,0.025497
116,6,1,0.205901
116,14,1,0.107171
116,17,1,0.093111
116,20,1,0.165469
116,27,1,0.148074
116,28,1,0.136443
116,53,1,0.174668
116,58,1,0.167970
116,64,1,0.207441
116,78,1,0.136848
116,85,1,0.197100
116,88,1,0.075268
116,99,1,0.138832
116,109,1,0.142310
116,117,1,0.092833
116,118,1,0.035703
116,125,1,0.141966
116,129,1,0.176559
116,130,1,0.181436
116,139,1,0.199317
116,141,1,0.151867
117,0,1,0.070417
117,3,1,0.125578
117,5,1,0.084882
117,14,1,0.014503
117,17,1,0.066823
117,27,1,0.198756
117,28,1,0.072197
117,36,1,0.193054
117,39,1,0.192793
117,54,1,0.160594
117,56,1,0.191305
117,78,1,0.048808
117,82,1,0.177722
117,88,1,0.098022
117,90,1,0.189058
117,99,1,0.114991
117,109,1,0.055008
117,116,1,0.092833
117,118,1,0.117772
117,119,1,0.203518
117,127,1,0.172089
117,129,1,0.206637
117,130,1,0.180572
117,141,1,0.090964
117,147,1,0.179077
118,0,1,0.064851
118,3,1,0.167426
118,5,1,0.033015
118,10,1,0.192154
118,11,1,0.203943
118,14,1,0.131213
118,17,1,0.128339
118,20,1,0.131418
118,24,1,0.188424
118,27,1,0.114614
118,28,1,0.145331
118,53,1,0.168549
118,58,1,0.136565
118,64,1,0.171909
118,73,1,0.178829
118,78,1,0.155904
118,88,1,0.062984
118,94,1,0.187667
118,99,1,0.131959
118,103,1,0.195842
118,107,1,0.207663
118,109,1,0.170827
118,116,1,0.035703
118,117,1,0.117772
118,125,1,0.147516
118,129,1,0.204506
118,130,1,0.162053
118,139,1,0.196651
118,141,1,0.185948
119,0,1,0.201612
119,7,1,0.115124
119,13,1,0.077937
119,14,1,0.194518
119,28,1,0.132925
119,33,1,0.098185
119,36,1,0.039681
119,52,1,0.207830
119,60,1,0.180261
119,77,1,0.029373
119,78,1,0.161972
119,82,1,0.040398
119,88,1,0.200589
119,99,1,0.132447
119,117,1,0.203518
119,127,1,0.091687
119,130,1,0.148520
119,131,1,0.208537
119,133,1,0.207699
119,134,1,0.049633
119,147,1,0.036369
120,1,1,0.196412
120,4,1,0.183291
120,35,1,0.098183
120,46,1,0.110977
120,72,1,0.077283
120,87,1,0.175000
120,111,1,0.149684
120,113,1,0.075443
120,124,1,0.140007
120,137,1,0.167865
121,7,1,0.172840
121,10,1,0.186688
121,20,1,0.104710
121,24,1,0.070217
121,26,1,0.141237
121,27,1,0.115975
121,36,1,0.202059
121,48,1,0.125781
121,60,1,0.063252
121,64,1,0.110668
121,73,1,0.126523
121,76,1,0.077948
121,88,1,0.192123
121,92,1,0.068279
121,94,1,0.166277
121,97,1,0.208043
121,99,1,0.178432
121,107,1,0.027427
121,108,1,0.060725
121,130,1,0.112283
121,133,1,0.160378
121,142,1,0.126874
121,146,1,0.159471
122,8,1,0.179749
122,40,1,0.141855
122,43,1,0.069338
122,45,1,0.187994
122,47,1,0.008590
122,57,1,0.161562
122,66,1,0.121895
122,74,1,0.079348
122,89,1,0.082277
122,93,1,0.161726
122,95,1,0.127604
122,100,1,0.187110
122,101,1,0.154986
122,106,1,0.048918
122,115,1,0.170877
122,140,1,0.126342
122,144,1,0.152219
123,8,1,0.190559
123,11,1,0.050757
123,21,1,0.152406
123,40,1,0.184447
123,53,1,0.086788
123,57,1,0.143811
123,58,1,0.200079
123,65,1,0.104254
123,85,1,0.146895
123,91,1,0.061100
123,93,1,0.173222
123,103,1,0.116421
123,105,1,0.076465
123,112,1,0.146011
123,125,1,0.131682
123,128,1,0.167034
123,135,1,0.024613
123,139,1,0.065509
123,140,1,0.200649
123,145,1,0.148285
124,1,1,0.064941
124,4,1,0.127416
124,12,1,0.202392
124,23,1,0.120438
124,32,1,0.139607
124,35,1,0.041892
124,46,1,0.157988
124,51,1,0.108192
124,72,1,0.193366
124,83,1,0.187501
124,87,1,0.118605
124,111,1,0.074335
124,113,1,0.091130
124,120,1,0.140007
125,0,1,0.203604
125,3,1,0.169405
125,5,1,0.165359
125,6,1,0.155015
125,11,1,0.089711
125,17,1,0.181711
125,40,1,0.146419
125,53,1,0.058176
125,57,1,0.193282
125,58,1,0.171366
125,85,1,0.074570
125,88,1,0.209764
125,89,1,0.206658
125,91,1,0.181308
125,93,1,0.126750
125,100,1,0.202951
125,103,1,0.148440
125,105,1,0.195089
125,116,1,0.141966
125,118,1,0.147516
125,123,1,0.131682
125,129,1,0.128866
125,135,1,0.115745
125,139,1,0.066229
125,140,1,0.162959
126,15,1,0.192373
126,18,1,0.104592
126,33,1,0.209037
126,38,1,0.113172
126,52,1,0.180287
126,68,1,0.101792
126,71,1,0.048920
126,79,1,0.073793
126,84,1,0.082098
126,102,1,0.129659
126,110,1,0.102931
126,132,1,0.172381
126,143,1,0.161871
127,0,1,0.202180
127,7,1,0.206760
127,13,1,0.051804
127,14,1,0.158885
127,15,1,0.159652
127,28,1,0.121712
127,33,1,0.042352
127,36,1,0.119601
127,52,1,0.119987
127,54,1,0.190960
127,71,1,0.196676
127,77,1,0.081612
127,78,1,0.123297
127,80,1,0.175560
127,82,1,0.052700
127,84,1,0.171174
127,90,1,0.149765
127,99,1,0.159989
127,109,1,0.157242
127,117,1,0.172089
127,119,1,0.091687
127,130,1,0.206440
127,134,1,0.117950
127,141,1,0.209817
127,143,1,0.209817
127,147,1,0.104927
128,9,1,0.146173
128,11,1,0.189757
128,65,1,0.119531
128,91,1,0.174224
128,103,1,0.154712
128,105,1,0.178740
128,112,1,0.033084
128,123,1,0.167034
128,135,1,0.191635
129,3,1,0.090708
129,5,1,0.200606
129,6,1,0.030611
129,17,1,0.141563
129,40,1,0.118170
129,53,1,0.185450
129,56,1,0.105926
129,70,1,0.206399
129,85,1,0.095340
129,89,1,0.171712
129,93,1,0.106235
129,100,1,0.082201
129,116,1,0.176559
129,117,1,0.206637
129,118,1,0.204506
129,125,1,0.128866
129,136,1,0.107618
129,139,1,0.181787
129,140,1,0.122982
129,141,1,0.168533
130,0,1,0.127864
130,5,1,0.156431
130,7,1,0.136730
130,14,1,0.182416
130,20,1,0.110295
130,24,1,0.134331
130,26,1,0.199747
130,27,1,0.102503
130,28,1,0.128566
130,36,1,0.109651
130,60,1,0.075271
130,64,1,0.157294
130,73,1,0.175433
130,76,1,0.160746
130,77,1,0.177871
130,78,1,0.172598
130,82,1,0.163744
130,88,1,0.106507
130,92,1,0.177753
130,99,1,0.068194
130,107,1,0.114143
130,108,1,0.172932
130,116,1,0.181436
130,117,1,0.180572
130,118,1,0.162053
130,119,1,0.148520
130,121,1,0.112283
130,127,1,0.206440
130,133,1,0.186238
130,134,1,0.186435
130,146,1,0.191943
130,147,1,0.113874
131,7,1,0.106318
131,26,1,0.116045
131,30,1,0.131830
131,36,1,0.198387
131,60,1,0.183373
131,97,1,0.069422
131,119,1,0.208537
131,133,1,0.070236
131,134,1,0.183952
131,146,1,0.075497
132,18,1,0.140946
132,38,1,0.059459
132,50,1,0.076039
132,79,1,0.190974
132,102,1,0.055422
132,110,1,0.169802
132,126,1,0.172381
132,148,1,0.131010
133,7,1,0.092588
133,26,1,0.053710
133,30,1,0.128867
133,36,1,0.184955
133,60,1,0.123576
133,62,1,0.192233
133,92,1,0.200545
133,97,1,0.061068
133,107,1,0.187523
133,108,1,0.173710
133,119,1,0.207699
133,121,1,0.160378
133,130,1,0.186238
133,131,1,0.070236
133,134,1,0.199465
133,146,1,0.010901
133,147,1,0.201874
134,7,1,0.111285
134,13,1,0.080971
134,28,1,0.182207
134,33,1,0.105321
134,36,1,0.079005
134,60,1,0.202601
134,77,1,0.037337
134,78,1,0.208981
134,82,1,0.078471
134,99,1,0.180165
134,119,1,0.049633
134,127,1,0.117950
134,130,1,0.186435
134,131,1,0.183952
134,133,1,0.199465
134,147,1,0.083029
135,8,1,0.181131
135,11,1,0.049438
135,21,1,0.147064
135,40,1,0.160020
135,53,1,0.079729
135,57,1,0.127115
135,58,1,0.207139
135,65,1,0.122318
135,85,1,0.123286
135,89,1,0.196605
135,91,1,0.066558
135,93,1,0.148617
135,103,1,0.130022
135,105,1,0.081214
135,112,1,0.170442
135,123,1,0.024613
135,125,1,0.115745
135,128,1,0.191635
135,139,1,0.051985
135,140,1,0.176351
135,145,1,0.146295
136,3,1,0.142534
136,6,1,0.080536
136,17,1,0.200948
136,22,1,0.149773
136,34,1,0.199679
136,40,1,0.168531
136,41,1,0.207249
136,56,1,0.081913
136,70,1,0.105866
136,81,1,0.160675
136,85,1,0.186907
136,89,1,0.191859
136,93,1,0.169199
136,100,1,0.043605
136,129,1,0.107618
136,138,1,0.165304
136,140,1,0.161141
136,141,1,0.193896
136,149,1,0.142010
137,4,1,0.146376
137,31,1,0.166145
137,35,1,0.197101
137,37,1,0.115104
137,45,1,0.188541
137,46,1,0.068272
137,69,1,0.070351
137,72,1,0.108222
137,87,1,0.146433
137,111,1,0.167727
137,120,1,0.167865
138,22,1,0.087661
138,23,1,0.206956
138,34,1,0.037574
138,37,1,0.202194
138,41,1,0.182733
138,56,1,0.199825
138,70,1,0.073133
138,81,1,0.077538
138,83,1,0.180958
138,100,1,0.203216
138,114,1,0.209137
138,136,1,0.165304
138,149,1,0.127520
139,6,1,0.202950
139,11,1,0.029601
139,21,1,0.193666
139,40,1,0.154891
139,53,1,0.032012
139,57,1,0.158731
139,58,1,0.172469
139,65,1,0.169763
139,85,1,0.097816
139,89,1,0.204602
139,91,1,0.118540
139,93,1,0.138662
139,103,1,0.114068
139,105,1,0.133162
139,112,1,0.191531
139,116,1,0.199317
139,118,1,0.196651
139,123,1,0.065509
139,125,1,0.066229
139,129,1,0.181787
139,135,1,0.051985
139,140,1,0.172447
139,145,1,0.195354
140,6,1,0.113327
140,8,1,0.182125
140,11,1,0.199490
140,21,1,0.192283
140,40,1,0.017597
140,43,1,0.194975
140,47,1,0.118097
140,53,1,0.195358
140,57,1,0.116842
140,74,1,0.164040
140,85,1,0.088411
140,89,1,0.050359
140,91,1,0.202642
140,93,1,0.036294
140,100,1,0.117811
140,105,1,0.206585
140,106,1,0.167431
140,115,1,0.203350
140,122,1,0.126342
140,123,1,0.200649
140,125,1,0.162959
140,129,1,0.122982
140,135,1,0.176351
140,136,1,0.161141
140,139,1,0.172447
140,145,1,0.209445
141,0,1,0.157196
141,3,1,0.078649
141,5,1,0.157474
141,6,1,0.181266
141,14,1,0.089056
141,17,1,0.061187
141,28,1,0.152295
141,39,1,0.116362
141,41,1,0.174224
141,54,1,0.095449
141,56,1,0.112811
141,78,1,0.110492
141,80,1,0.167738
141,88,1,0.185452
141,90,1,0.152039
141,99,1,0.204325
141,100,1,0.209028
141,109,1,0.056616
141,116,1,0.151867
141,117,1,0.090964
141,118,1,0.185948
141,127,1,0.209817
141,129,1,0.168533
141,136,1,0.193896
141,149,1,0.175004
142,10,1,0.095278
142,20,1,0.123623
142,24,1,0.077812
142,27,1,0.141866
142,48,1,0.001847
142,58,1,0.154331
142,60,1,0.188540
142,64,1,0.072946
142,73,1,0.066234
142,76,1,0.052223
142,92,1,0.080454
142,94,1,0.080066
142,107,1,0.106519
142,108,1,0.108728
142,121,1,0.126874
143,2,1,0.204670
143,15,1,0.060899
143,18,1,0.134048
143,25,1,0.205230
143,33,1,0.198244
143,39,1,0.198060
143,44,1,0.082952
143,49,1,0.132050
143,52,1,0.090372
143,54,1,0.192773
143,59,1,0.125260
143,71,1,0.140489
143,75,1,0.179922
143,79,1,0.094048
143,80,1,0.116264
143,84,1,0.108367
143,90,1,0.129847
143,104,1,0.164248
143,110,1,0.104713
143,114,1,0.204764
143,126,1,0.161871
143,127,1,0.209817
144,8,1,0.179100
144,43,1,0.125872
144,47,1,0.159786
144,66,1,0.148841
144,67,1,0.178129
144,74,1,0.094586
144,89,1,0.207454
144,95,1,0.157755
144,101,1,0.085677
144,106,1,0.154279
144,115,1,0.138400
144,122,1,0.152219
145,8,1,0.064337
145,9,1,0.174029
145,11,1,0.195005
145,21,1,0.020603
145,40,1,0.202435
145,57,1,0.092863
145,61,1,0.175629
145,65,1,0.117927
145,67,1,0.171033
145,74,1,0.184392
145,89,1,0.191806
145,91,1,0.089119
145,93,1,0.206087
145,101,1,0.156313
145,105,1,0.074962
145,115,1,0.103117
145,123,1,0.148285
145,135,1,0.146295
145,139,1,0.195354
145,140,1,0.209445
146,7,1,0.103144
146,26,1,0.043924
146,30,1,0.120503
146,36,1,0.194851
146,60,1,0.126717
146,62,1,0.181369
146,92,1,0.196288
146,97,1,0.054971
146,107,1,0.186808
146,108,1,0.169012
146,121,1,0.159471
146,130,1,0.191943
146,131,1,0.075497
146,133,1,0.010901
147,0,1,0.168989
147,5,1,0.207168
147,7,1,0.112256
147,13,1,0.106938
147,14,1,0.171857
147,28,1,0.106930
147,33,1,0.123354
147,36,1,0.017017
147,60,1,0.153950
147,77,1,0.064951
147,78,1,0.142465
147,82,1,0.054191
147,88,1,0.165888
147,99,1,0.097149
147,109,1,0.196240
147,117,1,0.179077
147,119,1,0.036369
147,127,1,0.104927
147,130,1,0.113874
147,133,1,0.201874
147,134,1,0.083029
148,18,1,0.151410
148,38,1,0.160636
148,42,1,0.094166
148,50,1,0.098355
148,75,1,0.148173
148,102,1,0.125107
148,110,1,0.175172
148,132,1,0.131010
149,3,1,0.185019
149,6,1,0.202919
149,22,1,0.187893
149,34,1,0.161176
149,39,1,0.121192
149,41,1,0.070720
149,49,1,0.193029
149,54,1,0.153719
149,56,1,0.115285
149,63,1,0.188486
149,70,1,0.072621
149,80,1,0.202866
149,81,1,0.057714
149,100,1,0.184450
149,104,1,0.174458
149,114,1,0.123611
149,136,1,0.142010
149,138,1,0.127520
149,141,1,0.175004
